==== Up ====
писать [1, 1, 3, 2, 2, 6, 6, 3]
приходиться [4, 0, 1, 2, 6, 6, 6, 3]
характер [1, 2, 0, 3, 4, 6, 3, 0]
подготовить [2, 2, 0, 1, 3, 9, 3, 0]
касаться [1, 1, 2, 1, 7, 11, 3, 2]
важно [1, 2, 1, 3, 2, 4, 7, 1]
федерация [2, 0, 0, 10, 4, 5, 2, 2]
способность [1, 0, 1, 0, 4, 7, 4, 0]
основание [2, 0, 1, 3, 0, 8, 4, 0]
курс [2, 0, 1, 2, 3, 4, 2, 2]
объединять [1, 2, 1, 4, 4, 7, 4, 0]
сентябрь [1, 2, 2, 6, 3, 9, 5, 1]
портал [1, 0, 0, 0, 3, 9, 4, 0]
возраст [1, 2, 0, 3, 2, 4, 5, 1]
ценность [1, 2, 0, 2, 2, 5, 5, 1]
выходить [0, 3, 3, 2, 1, 11, 2, 3]
описывать [0, 2, 1, 4, 1, 2, 3, 3]
степень [0, 1, 1, 3, 6, 8, 7, 3]
капитал [0, 2, 0, 2, 3, 3, 2, 5]
определять [0, 1, 1, 6, 3, 4, 5, 3]
собирать [0, 1, 1, 2, 1, 8, 2, 0]
показатель [0, 1, 2, 1, 1, 3, 5, 2]
книга [0, 3, 3, 3, 4, 12, 6, 2]
рост [0, 1, 2, 3, 3, 3, 6, 2]
комплекс [0, 1, 1, 0, 4, 6, 6, 1]
открытый [0, 0, 1, 1, 5, 5, 3, 0]
сош [0, 0, 0, 5, 4, 5, 3, 0]

==== Down ====
труд [8, 7, 9, 4, 4, 3, 2, 0]
школьный [30, 28, 23, 28, 19, 12, 12, 8]
администрация [5, 4, 3, 1, 3, 0, 2, 0]
разрабатывать [9, 7, 3, 7, 3, 0, 2, 2]
управлять [9, 2, 3, 4, 1, 1, 4, 0]
рекомендация [11, 3, 6, 3, 1, 2, 1, 1]
простой [7, 2, 1, 2, 1, 1, 0, 1]
нужный [5, 13, 16, 8, 7, 1, 5, 1]
течение [4, 3, 1, 3, 4, 1, 0, 0]
оценка [11, 8, 11, 7, 9, 2, 2, 3]
прежде [6, 4, 0, 3, 2, 1, 1, 1]
заставлять [3, 7, 3, 1, 1, 1, 2, 0]
воспитательный [5, 4, 5, 4, 2, 1, 2, 2]
определенный [5, 5, 3, 3, 1, 2, 3, 0]
реальный [7, 4, 7, 4, 2, 3, 1, 3]
зарубежный [2, 3, 3, 2, 5, 1, 0, 0]
номер [1, 4, 4, 2, 3, 2, 1, 0]
начальный [3, 8, 6, 3, 3, 3, 2, 0]
любить [3, 3, 1, 3, 3, 1, 1, 0]
влияние [5, 2, 1, 4, 1, 2, 1, 0]
вывод [3, 3, 4, 3, 1, 0, 2, 1]
мера [6, 4, 3, 4, 2, 3, 2, 0]
применение [3, 2, 3, 5, 0, 1, 1, 1]
сайт [3, 4, 3, 5, 4, 2, 0, 1]
свобода [2, 3, 3, 3, 2, 2, 1, 0]
менеджмент [2, 4, 3, 0, 4, 0, 2, 1]
прием [2, 2, 4, 1, 6, 1, 2, 0]
введение [3, 6, 6, 4, 0, 2, 1, 0]
палата [1, 5, 5, 1, 0, 3, 0, 0]
аттестация [3, 3, 3, 1, 3, 1, 1, 0]
заведение [1, 5, 8, 4, 0, 2, 2, 0]
