=== Восходящий ===
правовой [4, 2, 8, 11, 5]
нормативный [4, 2, 5, 8, 2]
обеспечение [4, 4, 8, 15, 4]
достижение [2, 8, 12, 17, 1]
взаимосвязь [3, 1, 4, 9, 0]
перспектива [5, 2, 7, 12, 2]
соответствующий [2, 4, 2, 8, 1]
сформированность [4, 2, 3, 8, 1]
художественно [2, 2, 4, 7, 2]
обучающийся [7, 7, 9, 15, 6]
механизм [3, 3, 5, 17, 1]
право [1, 3, 4, 10, 2]
метапредметный [3, 1, 6, 11, 1]
значимость [2, 3, 7, 8, 1]
актуальность [4, 3, 5, 11, 4]
международный [6, 0, 2, 14, 0]
научно [2, 3, 5, 9, 0]
социум [2, 1, 5, 7, 1]
обусловливать [3, 0, 6, 7, 2]
последний [1, 2, 5, 8, 1]
универсальный [1, 2, 1, 10, 1]
эмоциональный [1, 2, 6, 6, 1]
федерация [2, 2, 3, 11, 0]
отсутствие [0, 0, 6, 8, 1]


=== Нисходящий ===
информатизация [5, 5, 4, 1, 0]
произведение [9, 16, 6, 5, 1]
творчество [10, 12, 5, 5, 0]
единица [14, 4, 0, 4, 0]
английский [15, 5, 1, 2, 0]
явление [9, 6, 1, 4, 1]
картина [9, 3, 2, 2, 0]
иностранный [21, 16, 8, 9, 0]
начало [9, 8, 7, 2, 0]
направленность [6, 12, 2, 4, 0]
упражнение [6, 5, 1, 3, 0]
младший [21, 9, 6, 8, 0]
иноязычный [11, 3, 5, 2, 0]
источник [8, 4, 2, 2, 1]
стратегия [5, 13, 11, 0, 0]
помощь [9, 12, 4, 3, 0]
различие [9, 5, 4, 1, 0]
нравственный [12, 11, 4, 6, 0]
стиль [5, 9, 1, 4, 0]
физика [12, 5, 4, 2, 0]
ориентация [5, 6, 2, 3, 0]
лингвистический [4, 7, 1, 3, 0]
